2452254.261	11.05
2452264.362	10.61
2452513.7	11.2
2452824	11
2452855.9	11.5
2452898.7	11.3
2452914.7	11.3
2452936.7	11.1
2453237.432	10.685
2453303.269	10.975
2453329.522	10.87
2453487.897	10.796
2453496.859	10.72
2453503.889	10.771
2453510.807	10.836333
2453512.501	10.842333
2453521.379	10.86
2453527.302	10.8545
2453534.878	10.857
2453536.732	10.844
2453539.723	10.874
2453562.883	11.1
2453570.945	11.1
2453582.943	11.1
2453625.837	11.3
2453631.257	11.1
2453651.328	10.985
2453655.779	11.1
2453671.725	11.1
2453853.839	11.4
2453909.486	10.74
2454008.7	11.2
2454010.79	10.7
2454317.667	10.882
2454321.744	10.886
2454324.646	10.866
2454328.788	10.8725
2454332.769	10.858
2454356.868	11
2454370.825	11
2454390.773	11
2454401.743	11.1
2454526.006	11.2
2454652.499	11.01
2454666.42	11.05
2454677.434	10.99
2454704.47	10
2454705.48	9.9
2454709.55	9.8
2454710.514	9.919913
2454711.327	9.685111
2454712.278	9.696502
2454713.542	9.624994
2454714.343	9.680527
2454715.644	9.605329
2454716.755	9.5685
2454718.374	9.618
2454719.318	9.871831
2454719.846	9.673262
2454721.696	9.54829
2454723.678	9.5176
2454724.401	9.561857
2454725.685	9.580462
2454726.802	9.538143
2454727.765	9.537562
2454728.869	9.56312
2454729.724	9.561316
2454730.881	9.6277
2454731.948	9.543843
2454733.008	9.56885
2454734.296	9.576578
2454734.901	9.540605
2454735.74	9.550571
2454737.38	9.59025
2454738.686	9.505091
2454739.805	9.5271
2454741.293	9.775603
2454742.374	9.5265
2454742.795	9.521217
2454745.257	9.871
2454745.979	9.5559
2454747.172	9.585692
2454748.359	9.580691
2454749.286	9.616467
2454750.539	9.563978
2454751.521	9.569432
2454752.728	9.604
2454753.659	9.525617
2454754.691	9.537889
2454755.78	9.5168
2454756.802	9.558556
2454757.693	9.567647
2454758.693	9.536723
2454760.26	9.553667
2454760.951	9.5599
2454761.935	9.576727
2454763.066	9.572
2454763.843	9.567
2454765.619	9.495571
2454766.624	9.616429
2454767.937	9.531556
2454768.953	9.584111
2454769.736	9.746711
2454770.991	9.682375
2454772.194	9.6023
2454773.272	9.581444
2454774.38	9.631889
2454774.704	9.6
2454777.765	9.557714
2454778.91	9.567714
2454779.659	9.58675
2454781.783	9.644667
2454782.784	9.618
2454783.801	9.574
2454784.962	9.5955
2454785.969	9.6085
2454787.122	9.600167
2454788.226	9.631
2454789.543	9.8805
2454790.428	9.777636
2454791.353	9.674571
2454792.461	9.6775
2454793.755	9.744833
2454794.596	9.741
2454796.536	10.0072
2454799.868	9.804
2454800.779	9.740333
2454801.943	9.702833
2454802.643	9.702667
2454804.615	9.6958
2454806.6	9.6845
2454807.618	9.71175
2454809.41	9.8
2454810.587	9.733667
2454811.602	9.7165
2454812.604	9.68425
	
2454821.902	9.676333
2454822.612	9.642
2454829.589	9.644333
2454980.745	9.976
2454985.644	10.016
2454987.693	9.994
2454991.729	9.995
2454995.66	10
2454996.674	9.983
2454999.18	9.98
2455000.677	9.966
2455011.692	10.156667
2455019.639	10.227
2455023.953	10.214
2455026.001	10.19425
2455028.612	10.3125
2455032.651	10.317857
2455038.967	10.336
2455043.975	10.374333
2455052.47	10.3
2455055.994	10.315
2455067.615	10.4045
2455080.655	10.304
2455086.57	10.391375
2455089.642	10.388
2455094.627	10.433
2455096.616	10.4992
2455100.6	10.494
2455128.358	10.35
2455130.562	10.444
2455392.847	10.611
2455397.584	10.591
2455400.818	10.613
2455404.763	10.416
2455408.816	10.314
2455410.638	10.292
2455412.791	10.298
2455414.426	10.284667
2455416.825	10.234
2455420.254	10.2235
2455422.083	10.216
2455423.79	10.208
2455425.58	10.1815
2455426.759	10.177
2455428.017	10.1702
2455429.329	10.1115
2455431.137	9.9814
2455433.163	9.8278
2455434.213	9.8204
2455435.533	9.861727
2455436.555	9.8013
2455438.68	9.930529
2455439.325	9.94425
2455440.106	9.961481
2455441.607	10.027068
2455442.175	10.041974
2455442.808	10.064026
2455443.77	10.093
2455445.334	10.140732
2455445.828	10.12572
2455447.637	10.1735
2455449.712	10.2395
2455450.978	10.264714
2455452.154	10.2773
2455452.769	10.306
2455454.783	10.3754
2455455.763	10.381686
2455457.668	10.500636
2455458.41	10.527529
2455459.252	10.5465
2455460.482	10.583
2455462.654	10.728
2455464.342	10.779333
2455465.924	10.893
2455467.51	10.9582
2455468.55	10.976375
2455469.696	11.016
2455471.052	11.0482
2455472.398	11.053714
2455473.696	11.02
2455475.601	11.08675
2455477.241	11.1145
2455478.826	11.133333
2455479.811	11.129667
2455480.936	11.151333
2455482.478	11.1558
2455483.491	11.169045
2455484.583	11.165006
2455485.683	11.161
2455487.684	11.130024
2455489.084	11.141667
2455490.553	11.130042
2455491.02	11.101192
2455491.749	11.081935
2455492.647	11.097757
2455494.301	11.0965
2455495.57	11.112
2455496.484	11.078625
2455497.76	11.034
2455499.659	11.023389
2455499.765	10.9816
2455502.895	10.992857
2455504.276	10.9432
2455505.318	10.9304
2455509.661	10.776
2455510.708	10.727
2455512.707	10.7368
2455513.976	10.724
2455515.243	10.720889
2455516.445	10.694333
2455520.053	10.665
2455522.137	10.669667
2455524.499	10.7034
2455527.109	10.673667
2455528.213	10.678966
2455531.544	10.672
2455532.585	10.646333
2455540.718	10.66475
2455541.492	10.6675
2455543.584	10.611
2455549.443	10.653
2455550.464	10.661667
2455557.588	10.66
2455567.481	10.593
2455577.143	10.473
2455610.864	10.61
2455622.904	10.7765
2455625.386	10.746
2455636.341	10.8035
2455640.842	10.837
2455647.835	10.86
2455650.829	10.861
2455651.858	10.855
2455655.332	10.8445
2455660.303	10.826
2455661.408	10.8545
2455664.85	10.821
2455689.942	10.99
2455712.585	11.02
2455740.783	10.566
2455745.954	10.548667
2455756.528	10.63
2455766.502	10.836
2455768.05	10.8295
2455769.499	10.83
2455770.499	10.834
2455776.44	10.782
2455777.46	10.858
2455779.584	10.75
2455782.44	10.8325
2455786.962	10.755
2455798.06	10.6475
2455798.715	10.637
2455805.55	10.69
2455809.435	10.79
2455811.354	10.82
2455813.619	10.722
2455815.497	10.81
2455817.046	10.713
2455822.54	10.683
2455826.654	10.668
2455831.166	10.664333
2455832.457	10.6825
2455833.469	10.656
2455835.41	10.8125
2455836.864	10.7405
2455840.365	10.734
2455841.515	10.671
2455843.462	10.7115
2455844.958	10.6685
2455846.455	10.673
2455849.352	10.766
2455850.449	10.701
2455852.475	10.6895
2455856.403	10.727
2455858.461	10.698
2455861.471	10.731
2455864.31	10.772571
2455867.975	10.664
2455871.018	10.655
2455873.925	10.6435
2455875.367	10.6845
2455878.424	10.653
2455888.014	10.7165
2455890.278	10.792
2455892.293	10.814
2455896.301	10.843
2455904.946	10.834
2455907.451	10.836
2455908.453	10.832
2455912.521	10.838
2455916.451	10.808
2455923.234	10.751
2455925.458	10.684
2455929.453	10.631
2455938.431	10.596
2455986.021	10.82
2456008.64	10.76
2456012.615	10.75
2456019.547	10.85
2456067.728	10.988
2456073.871	10.965
2456095.15	11.011
2456096.723	10.903
2456102.632	11.004
2456106.788	10.919
2456109.682	10.913
2456114.734	11.024
2456121.755	10.979
2456130.771	10.889
2456141.477	10.815
2456142.7	10.703
2456148.474	10.714
2456153.409	10.6705
2456157.728	10.553
2456160.545	10.597857
2456164.772	10.590667
2456167.667	10.5245
2456169.022	10.535
2456172.648	10.3225
2456173.68	10.236
2456180.158	10.244083
2456181.752	10.2795
2456184.637	10.291429
2456185.639	10.294333
2456186.649	10.293833
2456194.548	10.327
2456195.646	10.25
2456206.615	10.289
2456221.565	10.226375
2456237.692	10.098
2456283.473	10.249
2456366.949	10.857
2456367.952	10.83
2456380.871	10.781
2456392.873	10.913
2456398.938	11.02
2456411.904	11.139
2456422.835	11.061
2456427.903	10.984
2456430.899	10.952
2456436.9	10.89
2456445.215	10.8725
2456447.015	10.7755
2456453	10.92
2456457.78	11.013
2456478.433	11.04
2456500.349	10.88
2456501.349	10.88
2456511.352	10.91
2456520.927	10.9125
2456527.504	10.939
2456529.519	10.929
2456541.488	10.896
2456546.773	10.807
2456550.326	10.887
2456577.282	10.702
2456583.489	10.69
2456593.479	10.67
2456605.535	10.66
2456610.655	10.631
2456621.701	10.591
2456626.301	10.73
2456634.319	10.599
2456638.336	10.604
2456640.51	10.628
2456647.311	10.627
2456651.474	10.632
2456656.255	10.581
2456668.301	10.549
2456706.953	10.56
2456709.971	10.529
2456718.962	10.452
2456726.951	10.487
2456730.955	10.544
2456737.951	10.622
2456739.659	10.649
2456749.877	10.757
2456762.795	10.72
2456767.609	10.723
2456783.876	10.649
2456794.899	10.719
2456797.9	10.726
2456800.903	10.722
2456806.894	10.744
2456808.884	10.746571
2456811.778	10.7505
2456813.778	10.733167
2456816.523	10.806
2456825.89	10.764
2456829.452	10.769
2456854.472	10.763
2456855.473	10.736
2456863.471	10.763
2456869.44	10.784
2456870.445	10.807
2456872.492	10.804
2456874.452	10.804
2456883.414	10.877
2456887.384	10.877
2456890.396	10.84
2456901.377	10.864
2456903.679	10.881333
2456907.683	10.883333
2456908.683	10.883
2456912.431	10.918
2456914.802	10.8785
2456921.442	10.872
2456922.617	10.836833
2456923.63	10.841667
2456927.641	10.803714
2456929.052	10.788875
2456932.433	10.882
2456935.611	10.80075
2456938.562	10.695
2456942.412	10.7587
2456943.492	10.673
2456948.318	10.751
2456951.559	10.629
2456956.9	10.681
2456961.358	10.876
2456963.48	10.783
2456976.467	10.86
2456989.41	10.6765
2456992.467	10.67
2456995.469	10.7
2457005.472	10.664
2457008.468	10.7
2457018.192	10.934
2457023.272	10.833
2457060.973	10.98
2457064.967	10.885
2457068.964	10.882
2457084.91	10.8
2457090.955	10.783
2457101.943	10.974
2457111.912	11.07
2457114.879	11.034
2457122.929	10.973
2457126.934	10.93
2457144.906	10.964
2457150.913	10.989
2457156.903	11.044
2457160.9	11.045
2457164.9	11.079
2457167.905	11.108
2457170.896	11.119
2457181.666	11.046
2457219.443	11.12
2457262.463	11.237
2457271.483	11.347
2457275.379	11.271
2457290.352	11.266
2457295.358	11.358
2457296.929	11.332
2457298.425	11.317
2457303.397	11.299
2457308.442	11.257
2457313.491	11.225
2457326.95	11.24
2457338.476	11.06
2457343.471	11.009
2457358.54	10.95
2457368.472	10.896
2457374.471	10.878
2457385.472	10.78
2457426.973	10.71
2457437.967	10.711
2457450.963	10.654
2457453.956	10.618
2457459.453	10.6265
2457462.957	10.642
2457472.287	10.695
2457479.935	10.692
2457487.926	10.687
2457490.931	10.656
2457502.915	10.669
2457505.914	10.653
2457514.907	10.7
2457517.914	10.721
2457528.901	10.767
2457532.901	10.769
2457561.262	10.684
2457574.196	10.689
2457576.903	10.701
2457584.394	10.67325
2457586.979	10.676571
2457589.414	10.65975
2457591.96	10.649833
2457593.896	10.648333
2457599.369	10.63
2457628.442	10.885
2457629.747	10.853
2457639.427	10.88
2457643.516	10.881
2457659.264	10.82
2457671.489	10.869
2457681.046	10.911
2457685.484	10.925
2457695.563	10.938
2457698.543	10.937
2457708.468	10.921
2457712.967	10.984
2457718.469	10.979
2457720.466	10.962
2457727.471	10.937
2457728.517	10.942
2457738.477	10.895
2457747.472	10.916
2457804.965	10.838
2457811.958	10.847
2457830.937	10.767
2457831.955	10.773
2457838.937	10.779
2457851.93	10.793
2457860.924	10.802
2457863.925	10.801
2457870.918	10.771
2457881.907	10.725
2457887.904	10.746
2457890.903	10.726
2457900.675	10.749
2457939.887	10.881
2457940.902	10.855
2457956.909	10.911
2457972.542	10.885
2457980.593	10.884
2457996.306	11.05
2458018.004	11.185
2458029.501	11.153
2458041.485	11.17
2458051.478	11.179
2458056.322	11.171
2458065.55	11.202
2458071.527	11.291
2458086.471	11.419
2458087.47	11.424
2458097.465	11.403
2458110.476	11.214
2458113.479	11.177
	
	
	
	
	
	
	
	
	
	
	
	
	
	
	
	
	
	
	
	
	
	
	
	
	
	
	
	
	
	
	
	
	
	
	
	
	
	
	
	
	
	
	
	
	
	
	
	
	
	
	
	
	
	
	
	
	
	
	
	
	
	
	
	
	
	
	
	
	
	
	
	
	
	
	
	
	
	
	
	
	
	
	
	
	
	
	
	
	
	
	
	
	
	
	
	
	
	
	
	
	
	
	
	
	
	
	
	
	
	
	
	
	
	
	
	
	
	
	
	
	
	
	
	
	
	
	
	
	
	
	
	
	
	
	
	
	
	
	
	
	
	
	
	
	
	
	
	
	
	
	
	
	
	
	
	
	
	
	
	
	
	
	
	
	
	
	
	
	
	
	
	
	
	
	
	
	
	
	
	
	
	
	
	
	
	
	
	
	
	
	
	
	
	
	
	
	
	
	
	
	
	
	
	
	
	
	
	
	
	
	
	
	
	
	
	
	
	
	
	
	
	
	
	
	
	
	
	
	
	
	
	
	
	
	
	
	
	
	
	
	
	
	
	
	
	
	
	
	
	
	
	
	
	
	
	
	
	
	
	
	
	
	
	
	
	
	
	
	
	
	
	
	
	
	
	
	
	
	
	
	
	
	
	
	
	
	
	
	
	
	
	
	
	
	
	
	
	
	
	
	
	
	
	
	
	
	
	
	
	
	
	
	
	
	
	
	
	
	
	
	
	
	
	
	
	
	
	
	
	
	
	
	
	
	
	
	
	
	
	
	
	
	
	
	
	
	
	
	
	
	
	
	
	
	
	
	
	
	
	
	
	
	
	
	
	
	
	
	
	
	
	
	
	
	
	
	
	
	
	
	
	
	
	
	
	
	
	
	
	
	
	
	
	
	
	
	
	
	
	
	
	
	
	
	
	
	
	
	
	
	
	
	
	
	
	
	
	
	
	
	
	
	
	
	
	
	
	
	
	
	
	
	
	
	
	
	
	
	
	
	
	
	
	
	
	
	
	
	
	
	
	
	
	
	
	
	
	
	
	
	
	
	
	
	
	
	
	
	
	
	
	
	
	
	
	
	
	
	
	
	
	
	
	
	
	
	
	
	
	
	
	
	
	
	
	
	
	
	
	
	
	
	
	
	
	
	
	
	
	
	
	
	
	
	
	
	
	
	
	
	
	
	
	
	
	
	
	
	
	
	
	
	
	
	
	
	
	
	
	
	
	
	
	
	
	
	
	
	
	
	
	
	
	
	
	
	
	
	
	
	
	
	
	
	
	
	
	
	
	
	
	
	
	
	
	
	
	
	
	
	
	
	
	
	
	
	
	
	
	
