FOTOMETRÍA ABSOLUTA

ESTRELLAS DE CALIBRADO:
   C1: 9.76
   C2: 9.78
   C3: 10.54
   C4: 10.94
   C5: 10.61
   C6: 10.14
   C7: 10.48

BF CYG 
GJD_UTC               MAG      +/-    RSR  AIRMS  TRANS  FWHM"   FONDO   N   NUM
-----------------------------------------  -----  -----  -----  ------  --  ----
2459853.30865      10.363    0.003    343  2.702   1.01  25.11   19.69  01  0001
2459853.31223      10.354    0.003    344  2.600   1.01  25.30   19.68  01  0002
2459853.31582      10.359    0.003    343  2.507   1.01  25.38   19.67  01  0003
2459853.31941      10.359    0.003    343  2.422   1.01  25.31   19.69  01  0004
2459853.32300      10.356    0.003    343  2.343   1.01  25.36   19.69  01  0005
2459853.32660      10.357    0.003    343  2.270   1.00  25.49   19.68  01  0006
2459853.33019      10.352    0.003    343  2.202   1.00  25.75   19.73  01  0007
2459853.33377      10.365    0.003    341  2.140   1.00  25.87   19.82  01  0008
2459853.33736      10.354    0.003    342  2.082   1.00  25.98   19.83  01  0009
2459853.34095      10.361    0.003    341  2.028   1.00  26.02   19.82  01  0010
2459853.34454      10.355    0.003    342  1.978   1.00  26.16   19.83  01  0011
2459853.34812      10.362    0.003    341  1.931   1.00  26.34   19.84  01  0012
2459853.35171      10.364    0.003    340  1.887   0.99  26.17   19.85  01  0013
2459853.35530      10.363    0.003    340  1.847   0.99  26.36   19.84  01  0014
2459853.35889      10.365    0.003    339  1.808   0.99  26.36   19.84  01  0015
2459853.36248      10.365    0.003    338  1.772   0.98  27.50   19.82  01  0016

Observador: JGF
FotoDif 3.135
