FOTOMETRÍA ABSOLUTA

ESTRELLAS DE CALIBRADO:
   C1: 10.61 V
   C2: 9.76 V
   C3: 10.54 V
   C4: 10.46 V
   C5: 10.14 V
   C6: 10.94 V
   C7: 9.78 V

BF CYG 
GJD_UTC               MAG      +/-    RSR  AIRMS  TRANS  FWHM"   FONDO   N   NUM
-----------------------------------------  -----  -----  -----  ------  --  ----
2459882.26752      10.383    0.003    405  1.949   1.03  33.47   19.58  01  0001
2459882.27227      10.375    0.003    407  1.891   1.03  33.75   19.59  01  0002
2459882.27701      10.373    0.003    402  1.837   1.00  34.09   19.54  01  0003
2459882.28176      10.379    0.003    405  1.787   1.03  34.38   19.59  01  0004
2459882.28650      10.374    0.003    405  1.742   1.02  34.37   19.57  01  0005
2459882.29125      10.379    0.003    403  1.701   1.02  34.54   19.56  01  0006
2459882.29600      10.374    0.003    402  1.663   1.01  34.83   19.55  01  0007
2459882.30074      10.370    0.003    402  1.628   1.00  34.97   19.56  01  0008
2459882.30549      10.372    0.003    401  1.595   1.00  35.23   19.55  01  0009
2459882.31023      10.368    0.003    400  1.566   0.99  35.28   19.52  01  0010
2459882.31498      10.369    0.003    398  1.539   0.98  35.38   19.52  01  0011
2459882.31971      10.374    0.003    396  1.514   0.97  35.63   19.52  01  0012
2459882.32446      10.376    0.003    394  1.491   0.97  35.80   19.51  01  0013
2459882.32920      10.376    0.003    391  1.470   0.95  35.98   19.49  01  0014

Observador: JGF
FotoDif 3.135
